 run_id:         1000
 total_energy:   -2144.0922909999999     
 S   100.00000000000000        100.00000000000000        100.00000000000000     
      6        0.77152936       -0.00000880       -0.00003108
      1        1.15593886        0.76325150       -0.66701854
      1        1.15560056       -0.95942210       -0.32731028
      1        1.15618838        0.19630454        0.99435780
      6       -0.77136404       -0.00001334        0.00003408
      1       -1.15608898       -0.19675228       -0.99425982
      1       -1.15604424       -0.76267228        0.66757500
      1       -1.15660588        0.95944178        0.32664382
