 run_id:         1000
 total_energy:   -1.6482103867790419     
 P   27.664000000000001        27.664000000000001        27.664000000000001     
      6       97.99161739       -0.12151002       -0.01458946
      1        3.06864163        3.36511380       -2.94089041
      1        3.06756555       -4.23055116       -1.44329558
      1        3.06931228        0.86526407        4.38357679
      6      -97.98938406        0.12408821        0.01572570
      1       -3.06909918       -0.86740654       -4.38306791
      1       -3.06921392       -3.36256355        2.94327976
      1       -3.07028569        4.22769419        1.43925211
